[gd_scene load_steps=11 format=3 uid="uid://bv1bgtipqc16y"]

[ext_resource type="Script" uid="uid://br6v8ktmyod2j" path="res://Scripts/Puck/PuckController.gd" id="1_ym5cp"]
[ext_resource type="Script" uid="uid://dcmf1p4cjp1ye" path="res://Scripts/Puck/Camera/Camera.gd" id="2_rokli"]
[ext_resource type="Script" uid="uid://dl3uhwr0l7h2p" path="res://Scripts/Puck/Disc/Disc.gd" id="4_3q4l7"]
[ext_resource type="Texture2D" uid="uid://mcxccmkd7uev" path="res://Textures/Arena2/palmrain.jpg" id="4_rjjs0"]

[sub_resource type="PhysicsMaterial" id="PhysicsMaterial_qsdix"]
friction = 0.0

[sub_resource type="CylinderShape3D" id="CylinderShape3D_vxwyn"]
height = 1.0
radius = 2.0

[sub_resource type="CylinderShape3D" id="CylinderShape3D_v8ywr"]
height = 1.0
radius = 2.0

[sub_resource type="BoxShape3D" id="BoxShape3D_rjjs0"]
size = Vector3(3.6, 1, 1.5)

[sub_resource type="BoxShape3D" id="BoxShape3D_a5nf7"]
size = Vector3(3, 1, 2.5)

[sub_resource type="StandardMaterial3D" id="StandardMaterial3D_hofl5"]
albedo_texture = ExtResource("4_rjjs0")

[node name="Puck" type="Node3D"]
script = ExtResource("1_ym5cp")

[node name="Camera3D" type="Camera3D" parent="."]
transform = Transform3D(1, 0, 0, 0, 0.766044, 0.642788, 0, -0.642788, 0.766044, 0, 9.24047, 10.1172)
script = ExtResource("2_rokli")

[node name="Disc" type="RigidBody3D" parent="."]
transform = Transform3D(1, 0, 0, 0, 1, 0, 0, 0, 1, 0, 1, 0)
physics_material_override = SubResource("PhysicsMaterial_qsdix")
script = ExtResource("4_3q4l7")
GRAVITY_MULT = 12

[node name="Area3D" type="Area3D" parent="Disc"]

[node name="CollisionShape3D" type="CollisionShape3D" parent="Disc/Area3D"]
shape = SubResource("CylinderShape3D_vxwyn")

[node name="Coll_Cyldiner" type="CollisionShape3D" parent="Disc"]
shape = SubResource("CylinderShape3D_v8ywr")

[node name="Coll_Box1" type="CollisionShape3D" parent="Disc"]
shape = SubResource("BoxShape3D_rjjs0")

[node name="Coll_Box2" type="CollisionShape3D" parent="Disc"]
transform = Transform3D(0.707107, 0, -0.707107, 0, 1, 0, 0.707107, 0, 0.707107, 0, 0, 0)
shape = SubResource("BoxShape3D_rjjs0")

[node name="Coll_Box3" type="CollisionShape3D" parent="Disc"]
transform = Transform3D(-4.37114e-08, 0, -1, 0, 1, 0, 1, 0, -4.37114e-08, 0, 0, 0)
shape = SubResource("BoxShape3D_rjjs0")

[node name="Coll_Box4" type="CollisionShape3D" parent="Disc"]
transform = Transform3D(-0.707107, 0, -0.707107, 0, 1, 0, 0.707107, 0, -0.707107, 0, 0, 0)
shape = SubResource("BoxShape3D_rjjs0")

[node name="Coll_Box5" type="CollisionShape3D" parent="Disc"]
transform = Transform3D(0.92388, 0, -0.382683, 0, 1, 0, 0.382683, 0, 0.92388, 0, 0, 0)
shape = SubResource("BoxShape3D_a5nf7")

[node name="Coll_Box6" type="CollisionShape3D" parent="Disc"]
transform = Transform3D(0.382683, 0, -0.923879, 0, 1, 0, 0.923879, 0, 0.382683, 0, 0, 0)
shape = SubResource("BoxShape3D_a5nf7")

[node name="Coll_Box7" type="CollisionShape3D" parent="Disc"]
transform = Transform3D(-0.382683, 0, -0.92388, 0, 1, 0, 0.92388, 0, -0.382683, 0, 0, 0)
shape = SubResource("BoxShape3D_a5nf7")

[node name="Coll_Box8" type="CollisionShape3D" parent="Disc"]
transform = Transform3D(-0.923879, 0, -0.382683, 0, 1, 0, 0.382683, 0, -0.923879, 0, 0, 0)
shape = SubResource("BoxShape3D_a5nf7")

[node name="Texture" type="CSGCylinder3D" parent="Disc"]
radius = 2.0
height = 1.0
sides = 24
smooth_faces = false
material = SubResource("StandardMaterial3D_hofl5")

[node name="OmniLight3D" type="OmniLight3D" parent="Disc"]
light_color = Color(0.447059, 1, 1, 1)
omni_range = 10.65
